url_path,views_total,views_unique
/schorschinho/osprey,144,87
/schorschinho/osprey/tree/v.2.9.0,25,11
/schorschinho/osprey/tree/develop,18,11
/schorschinho/osprey/releases,14,13
/schorschinho/osprey/releases/tag/v.2.9.0,14,11
/schorschinho/osprey/tree/develop/exampledata,13,9
/schorschinho/osprey/blob/develop/quantify/OspreyQuantify.m,11,8
/schorschinho/osprey/issues,11,8
/schorschinho/osprey/blob/develop/exampledata/sdat/MEGA/jobSDAT_MEGA.m,10,7
/schorschinho/osprey/blob/develop/exampledata/sdat/UnEdited/jobSDAT.m,8,6
